# Created by Octave 5.2.0, Wed May 06 11:26:14 2020 BST <simon@Simons-MBP>
# name: ex1data1
# type: matrix
# rows: 97
# columns: 2
 6.1101000000000001 17.591999999999999
 5.5277000000000003 9.1302000000000003
 8.5185999999999993 13.662000000000001
 7.0031999999999996 11.853999999999999
 5.8597999999999999 6.8232999999999997
 8.3828999999999994 11.885999999999999
 7.4763999999999999 4.3483000000000001
 8.5780999999999992 12
 6.4862000000000002 6.5987
 5.0545999999999998 3.8166000000000002
 5.7107000000000001 3.2522000000000002
 14.164 15.505000000000001
 5.734 3.1551
 8.4084000000000003 7.2257999999999996
 5.6406999999999998 0.71618000000000004
 5.3794000000000004 3.5129000000000001
 6.3654000000000002 5.3048000000000002
 5.1300999999999997 0.56076999999999999
 6.4295999999999998 3.6518000000000002
 7.0708000000000002 5.3893000000000004
 6.1890999999999998 3.1385999999999998
 20.27 21.766999999999999
 5.4901 4.2629999999999999
 6.3261000000000003 5.1875
 5.5648999999999997 3.0825
 18.945 22.638000000000002
 12.827999999999999 13.500999999999999
 10.957000000000001 7.0467000000000004
 13.176 14.692
 22.202999999999999 24.146999999999998
 5.2523999999999997 -1.22
 6.5894000000000004 5.9965999999999999
 9.2482000000000006 12.134
 5.8917999999999999 1.8494999999999999
 8.2111000000000001 6.5426000000000002
 7.9333999999999998 4.5622999999999996
 8.0959000000000003 4.1163999999999996
 5.6063000000000001 3.3927999999999998
 12.836 10.117000000000001
 6.3533999999999997 5.4973999999999998
 5.4069000000000003 0.55657000000000001
 6.8825000000000003 3.9115000000000002
 11.708 5.3853999999999997
 5.7736999999999998 2.4405999999999999
 7.8247 6.7317999999999998
 7.0930999999999997 1.0463
 5.0701999999999998 5.1337000000000002
 5.8014000000000001 1.8440000000000001
 11.699999999999999 8.0043000000000006
 5.5415999999999999 1.0179
 7.5401999999999996 6.7504
 5.3076999999999996 1.8395999999999999
 7.4238999999999997 4.2885
 7.6031000000000004 4.9981
 6.3327999999999998 1.4233
 6.3589000000000002 -1.4211
 6.2742000000000004 2.4756
 5.6397000000000004 4.6041999999999996
 9.3102 3.9624000000000001
 9.4535999999999998 5.4141000000000004
 8.8254000000000001 5.1694000000000004
 5.1792999999999996 -0.74278999999999995
 21.279 17.928999999999998
 14.907999999999999 12.054
 18.959 17.053999999999998
 7.2182000000000004 4.8852000000000002
 8.2950999999999997 5.7442000000000002
 10.236000000000001 7.7754000000000003
 5.4993999999999996 1.0173000000000001
 20.341000000000001 20.992000000000001
 10.135999999999999 6.6798999999999999
 7.3345000000000002 4.0259
 6.0061999999999998 1.2784
 7.2259000000000002 3.3411
 5.0269000000000004 -2.6806999999999999
 6.5479000000000003 0.29677999999999999
 7.5385999999999997 3.8845000000000001
 5.0365000000000002 5.7013999999999996
 10.273999999999999 6.7526000000000002
 5.1077000000000004 2.0575999999999999
 5.7291999999999996 0.47953000000000001
 5.1883999999999997 0.20421
 6.3556999999999997 0.67861000000000005
 9.7687000000000008 7.5434999999999999
 6.5159000000000002 5.3436000000000003
 8.5172000000000008 4.2415000000000003
 9.1801999999999992 6.7980999999999998
 6.0019999999999998 0.92695000000000005
 5.5204000000000004 0.152
 5.0594000000000001 2.8214000000000001
 5.7077 1.8451
 7.6365999999999996 4.2958999999999996
 5.8707000000000003 7.2028999999999996
 5.3053999999999997 1.9869000000000001
 8.2934000000000001 0.14454
 13.394 9.0550999999999995
 5.4368999999999996 0.61704999999999999


